# Radius (km), Mass (Msun)
11.393635341617525 0.183382664784926
11.327963060788822 0.188738163393233
11.267449057858467 0.194181818293091
11.211732282048844 0.199711380527806
11.16041453641865 0.20532468925456
11.113031200832017 0.211019662229064
11.069325328429514 0.216794287356874
11.029131152409057 0.222646615381544
10.991964992927958 0.228574753452965
10.95772503707958 0.234576859226086
10.926434109658356 0.240651136023191
10.897398746294922 0.2467958283846
10.870733155733037 0.253009218066019
10.846333101761415 0.259289620799415
10.82363507604449 0.26563538312566
10.80299194129512 0.272044879804452
10.78413531216119 0.278516511613559
10.76684464826648 0.285048703128719
10.750760446574237 0.291639901160159
10.736254011984421 0.298288572923937
10.72331809669925 0.304993204875817
10.711060507148435 0.311752301662712
10.70043243593442 0.318564384628098
10.690610581714335 0.325427991389383
10.681548332132685 0.332341674794929
10.673640696228043 0.339304002261022
10.666326488261902 0.346313555459579
10.660004276384448 0.35336892935431
10.654258335316909 0.36046873227084
10.649286268079141 0.367611585240374
10.645098908259131 0.374796121787099
10.640938691196682 0.382020987708799
10.63785774181621 0.389284840895123
10.634985763603348 0.396586350916109
10.63276522058186 0.403924199560254
10.630769711038843 0.411297079768898
10.629513817091906 0.418703696544283
10.628755187274638 0.426142766258233
10.627541794633053 0.433613016914927
10.627088685918986 0.441113187875571
10.627021955510521 0.450007847625879
10.62742894266844 0.459337461123712
10.628922045447073 0.468797536332626
10.629982366675527 0.478385061211426
10.631715331729882 0.488096915447831
10.634535513145721 0.497929920786059
10.638257978328527 0.507880864264516
10.640514683102538 0.517946510514834
10.644579563034203 0.528123610162467
10.649008569837264 0.538408905304849
10.653751986308604 0.548799133604426
10.658686169374006 0.559291031493912
10.663888563724846 0.569881336687826
10.66932824907959 0.580566790437804
10.674979955968455 0.591344139313933
10.68257937575834 0.602210136844624
10.688313912140107 0.613161545083463
10.69443396523188 0.624195136058276
10.702476606748892 0.635307692870344
10.7086633607116 0.646496011141875
10.7171203826622 0.657756900112164
10.723405083700422 0.669087183773075
10.732035183671474 0.680483702086619
10.738572362159337 0.691943311939573
10.747211093320846 0.703462888426666
10.754127198688018 0.715039325740134
10.76262376504892 0.726669538109411
10.771528082614374 0.738350461236156
10.778369677269284 0.750079052854591
10.787077737396322 0.761852293933215
10.79610240847574 0.773667189731937
10.802934442073465 0.78552077053798
10.811692995384782 0.797410092792851
10.820728678763851 0.809332239999467
10.827533374523641 0.821284323527091
10.83626060380261 0.833263483498002
10.845304407735211 0.845266889909993
10.851962928402653 0.8572917430691
10.86065757446787 0.869335274674013
10.869739162733197 0.881394748672698
10.876037541051652 0.893467461660473
10.884835856331833 0.905550744115325
10.891359164270607 0.917641960691998
10.899865773922551 0.929738511087154
10.906377877672732 0.941837830825121
10.914738954664545 0.953937391458188
10.921131666570592 0.966034701788095
10.929408551699533 0.978127307704831
10.935582244495254 0.990212793448388
10.94390039155231 1.00228878149194
10.949749285232066 1.01435293341094
10.958292763890643 1.02640295021942
10.963782633416622 1.03843657251774
10.96949967524915 1.05045158136969
10.977919273926162 1.06244579825459
10.983199456534225 1.07441708533982
10.988576125420263 1.08636334611355
10.993997890099257 1.09828252535864
10.999418689472323 1.11017260940571
11.007458740209806 1.12203162632816
11.012498832182546 1.13385764605272
11.017514870460033 1.14564878062427
11.022498340023345 1.15740318417822
11.027462008209133 1.16911905302421
11.03233444892092 1.18079462566252
11.037178043432982 1.1924281828194
11.041994211931055 1.20401804741094
11.043951010944768 1.21556258447252
11.048414011677384 1.22706020108331
11.052808793762786 1.23850934636899
11.057255313866603 1.24990851126516
11.061795647445514 1.26125622832319
11.063331886268422 1.27255107152891
11.067396012258662 1.2837916562775
11.071680239364012 1.29497663912108
11.07300794324674 1.30610471712891
11.076918245669903 1.31717462825626
11.078326878166862 1.3281851506203
11.081971209778242 1.33913510212387
11.083240914106266 1.35002334073969
11.086763782054275 1.36084876321271
11.087757328183148 1.37161030570604
11.091380441945212 1.38230694273771
11.092004919883163 1.3929376868803
11.09285219984313 1.40350158884938
11.096256050958415 1.41399773635791
11.096655082466789 1.42442525414018
11.097151972458088 1.43478330356004
11.097667657057757 1.44507108194538
11.101022164299208 1.45528782210403
11.101151584911541 1.46543279184896
11.101277667002222 1.47550529379272
11.101383605859219 1.48550466456385
11.101449664051792 1.4954302743918
11.10148152734615 1.50528152658751
11.10143125226041 1.51505785702783
11.101360291268366 1.52475873363473
11.101252537602901 1.53438365586715
11.101123893160782 1.54393215414208
11.101008248266853 1.55340378932766
11.097559248036372 1.5627981520908
11.09706238968834 1.57211486273113
11.09660796238766 1.58135357022735
11.09625610014518 1.59028467483668
11.092872768422458 1.59910604451285
11.092098533273077 1.60784731622567
11.091496100602216 1.61650831937224
11.09114634800293 1.62508894170845
11.087100852413496 1.63358911361252
11.08643659203986 1.64200880092648
11.082637001615423 1.65034799828142
11.081697195362697 1.65860672774371
11.077960845619899 1.66678503520627
11.076840092741996 1.67488298920872
11.073009615326798 1.6829006794287
11.071831630525203 1.6908382151923
11.067812253526728 1.69869572470096
11.066713873362364 1.70647335439547
11.062435237387644 1.71417126701669
11.061606439169122 1.72178964267289
11.057018124065518 1.72932867623034
11.052679367040621 1.73678857804146
11.048570839667386 1.74416957336434
11.047058950127399 1.75147190029376
11.042536414023594 1.75869581104184
11.038141246601697 1.76584157061662
11.036994207516257 1.7729094565821
11.032219999087019 1.77989975755875
11.027524270487435 1.78681277447421
11.02288007684727 1.79364881899564
11.01826447211791 1.80040821340792
11.01364010975576 1.80709129031291
11.009023660720743 1.81369839185874
11.007472831923995 1.82022986961322
11.00259624170526 1.82668608419079
10.99771526828985 1.83306740508695
10.99283160409004 1.83937420977508
10.987931482952186 1.84560688394952
10.983013442887922 1.85176582073511
10.978082340673813 1.85785142061318
10.973132212450318 1.86386409091792
10.968172897430335 1.86980424566945
10.963207997286576 1.87567230525052
10.958242195120969 1.88146869597703
10.949931261388828 1.88719384981108
10.944725762311572 1.89284820433556
10.939524801404259 1.89843220233277
10.934328741743613 1.90394629133859
10.929144398265862 1.90939092341021
10.9240065806966 1.9147665550178
10.918921760855905 1.92007364674252
10.910550995262938 1.92531266288873
10.905116356343745 1.93048407143425
10.89976081607921 1.93558834412542
10.894499831277733 1.94062595531917
10.889355038632944 1.94559738231751
10.880740333374824 1.95050310494941
10.875237790582625 1.9553436062904
10.869889645795109 1.96011937111819
10.864724980798643 1.96483088617467
10.855911611513678 1.96947863980825
10.85039854979574 1.97406312328824
10.845096141181504 1.97858482818696
10.836406531220595 1.98304424732747
10.830777556041177 1.98744187563823
10.825430146188575 1.9917782084257
10.816686571476293 1.99605374116163
10.811022382321191 2.00026897131635
10.805680326224318 2.00442439597614
10.796805289255502 2.00852051203568
10.791154912584641 2.01255781814086
10.78258501510914 2.01653681152719
10.77671039630018 2.02045798950788
10.771254720857478 2.02432185040108
10.762302580051237 2.02812889013097
10.75664420184991 2.03187960630725
10.747909944146885 2.03557449397389
10.742056478026706 2.03921404874882
10.736710691298244 2.04279876504654
10.727460318621983 2.04632913547641
10.721989214686303 2.0498056534412
10.712861036046556 2.05322880885935
10.707276874134763 2.05659909281408
10.698202807689393 2.05991699249392
10.69253917534831 2.0631829962374
10.683507891152626 2.06639758820663
10.67779509361828 2.06956125353601
10.668764419422452 2.07267447307174
10.663017900163155 2.07573772843224
10.653968418916508 2.07875149675589
10.648234416112594 2.08171625593144
10.639136181620524 2.08463247908219
10.633429663903385 2.08750064004938
10.624257967574302 2.09032120770857
10.618619469227625 2.09309465156147
10.609358455853862 2.09582143595977
10.603809154365305 2.09850202589657
10.594446900470183 2.10113688106258
10.585607736294591 2.10372646135434
10.579527777839004 2.10627122212085
10.57057415182389 2.10877161745092
10.56461962400326 2.11122809878295
10.555512620848297 2.11364111378159
10.54973541443286 2.11601110961663
10.540474066420712 2.11833852796939
10.534883513160944 2.12062381085122
10.5254577986179 2.12286739454976
10.516517811651484 2.12506971501255
10.510490411888465 2.12723120413436
10.501353127285926 2.12935229065171
10.495568199737255 2.13143340221354
10.48625279722554 2.13347496078839
10.471206088994288 2.13744110168921
10.46214624826587 2.13936651566818
10.45624050858604 2.1412540427582
10.446977146337444 2.1431040903718
10.44135001731127 2.14491706588614
10.43188361741394 2.14669337038811
10.422844117248749 2.14843340452108
10.416881764138163 2.15013756519201
10.407636534127954 2.15180624487135
10.401971060338912 2.15343983573044
10.392511372578232 2.15503872351923
10.383460818867475 2.1566032936212
10.377495619431683 2.15813392772141
10.368234170925811 2.15963100277889
10.362584974856224 2.16109489569735
10.353113065298697 2.16252597679343
10.344042794224267 2.16392461601453
10.338098878693769 2.16529117973438
10.328815281885264 2.16662602936408
10.323198674183915 2.16792952647644
10.313703791275763 2.1692020259693
10.304617025908293 2.17044388230817
10.298701223837973 2.17165544664791
10.289406471639257 2.17283706488727
10.283811353667243 2.17398908331748
10.274285135928343 2.17511184149273
10.265198147988897 2.17620567858876
10.259306175688023 2.17727093063825
10.249990142114433 2.17830792816022
10.244421788056425 2.17931700241542
10.23490527026588 2.1802984777725
10.225807933912415 2.18125267826177
10.219922863890055 2.18217992502296
10.210631375839895 2.18308053349313
10.205042332339739 2.18395482010007
10.195543617280352 2.18480309423999
10.186471611947562 2.18562566532837
10.180553640261065 2.18642283957127
10.171295061489149 2.18719491783758
10.165674346837891 2.18794220200119
10.156226309837283 2.18866498679024
10.14721921989482 2.18936356747854
10.141232295529234 2.19003823524775
10.132045628410859 2.19068927723784
10.126327600661238 2.19131698095202
10.11696217008786 2.19192162674194
10.108046835513331 2.19250349659324
10.101951945765475 2.19306286611465
10.092879842545335 2.19360001009844
10.08702668607849 2.19411520140843
10.0778079636676 2.19460870686533
10.072157318911119 2.19508079509059
10.062770889947465 2.19553172729778
10.053879284845053 2.19596176643856
10.04781452510372 2.19637116929377
10.03878383004114 2.19676019198573
10.032905467582058 2.19712908849796
10.023734149560077 2.19747810738948
10.018041230884911 2.19780749895308
10.00874600452588 2.198117505927
10.003217066947286 2.19840837364199
9.993800623036517 2.19868034006204
9.984924064567458 2.19893364488722
9.9789068383897 2.19916852224235
9.969932939362426 2.19938520532926
9.964037095167594 2.19958392536889
9.954943462036802 2.19976490870273
9.949195605976575 2.19992838340152
9.940058910735875 2.20007456995686
9.934378406491128 2.20020369204809
9.92516005686877 2.20031596543784
9.9195707317511 2.20041160926053
9.910307898034391 2.20049083462653
9.90477791259692 2.20055385595973
9.895471896213234 2.20060088001051
9.889996678621033 2.20063211657738
9.880652806227975 2.20064776806422
