# Radius (km), Mass (Msun)
13.715554027058795 0.348169241854686
13.559302656014736 0.371991401823555
13.322401882826458 0.423310911115955
13.235200867921478 0.450764684264185
13.065662878811084 0.539854085718888
13.03311558170721 0.571624416658835
12.995031765122134 0.637899859064149
12.987054792759283 0.672258692937024
12.983664493361985 0.707326556595598
12.992071161102887 0.779254267254644
13.001418849212898 0.815941230595566
13.012056830380093 0.85299328439251
13.040737963692969 0.927857133444089
13.055876523334094 0.965508422066058
13.07143596047111 1.00320190275536
13.087606519682504 1.04086245369595
13.105102165947258 1.07841781791532
13.136353460598277 1.15294044923265
13.180220398928606 1.26234005416354
13.193823914815182 1.29796403776888
13.204863852648426 1.33309380603381
13.234221808459987 1.43515643637143
13.263203132273164 1.678645062793
13.257507903872872 1.75830797961672
13.252890790383695 1.78343741828457
13.247923334271885 1.80786139332937
13.242605211267293 1.83158610245041
13.23433256355384 1.85461889761032
13.228019353777809 1.87696816045076
13.218920568990168 1.89864336619553
13.20966619609713 1.91965526756315
13.189721587823446 1.95973543416364
13.179243873428732 1.97882801061595
13.115680333184827 2.06533067798704
13.041498859841367 2.13812391394432
13.011096674552034 2.16377782252234
12.992557014726815 2.17591556834017
12.958489134806998 2.1988769914634
12.942477842481672 2.20972572959856
12.923841938912354 2.2201694563499
12.907796369697031 2.23022008503331
12.888720094367127 2.23988926909616
12.834433966711382 2.26672070655716
12.64695290061486 2.33569316752203
12.588429601413653 2.3511957117919
12.56902786445769 2.35590643732839
12.549651312222275 2.36040077499782
12.47464404388363 2.37634862820658
12.416410233001775 2.38635389888066
12.248444753030267 2.40789076535395
12.210246621526824 2.41119293652899
12.19399647453825 2.4126668584509
12.174733618568013 2.41402769612185
12.139790983455724 2.41642447815502
12.013359738534731 2.4217470699069
11.997350985631437 2.42215820317926
11.878839066128556 2.42295890785989
