# Radius (km), Mass (Msun)
15.161557911808863 0.0969294138846865
14.67887853921877 0.100452718170712
14.240838371503658 0.104355867952892
13.847483943024415 0.108627849553726
13.490191681855872 0.11325761004042
13.17331449931566 0.118234536568178
12.890397457913448 0.123548728131735
12.638856575751719 0.129191120482144
12.414676074041532 0.135153513822472
12.219032825241564 0.141428539843741
12.044957125290878 0.148009594310423
11.890854247945292 0.154890752806588
11.754394042952514 0.162066680583422
11.635435022313747 0.16953254371212
11.533064898656624 0.177283925569761
11.439390279970835 0.185316750321883
11.360328878718958 0.193627214456498
11.291236298277092 0.202211726324618
11.23137185914605 0.211066853271065
11.178004866574843 0.220189275931789
11.136927303194284 0.229575748685816
11.09911782136574 0.239223066002759
11.068982407744866 0.249128033601737
11.043664282460684 0.259287444175872
11.024151783660068 0.269698056871487
11.009048325287871 0.280356580052313
10.99838391633948 0.291259657245399
10.989724352733338 0.302403855291548
10.984782028441611 0.313785655010543
10.985185088007167 0.337247509246619
10.98932439978452 0.349320035967479
10.99509630022778 0.36161510149484
11.003941077780912 0.374128674999675
11.013724441243944 0.38685661634536
11.02451274573222 0.3997946761676
11.038174682241092 0.412938496706135
11.05260410827601 0.426283613390677
11.067819048391161 0.439825456986876
11.086235876224556 0.453559356316357
11.101879854198652 0.467480541429834
11.121033654741574 0.481584147256139
11.14047838258162 0.495865217531442
11.160203291930413 0.510318709129415
11.179986543870431 0.524939496630496
11.199916484992508 0.539722377167939
11.220172616460513 0.554662075417286
11.24075131201327 0.569753248837221
11.263862772918989 0.584990492991283
11.284686026420816 0.600368346979281
11.308118470877867 0.615881299158537
11.328961349062283 0.631523792501713
11.352366226439084 0.647290230522317
11.37318396321485 0.663174982799917
11.396858199209442 0.679172390778206
11.42099195646844 0.695276773488264
11.441310467007856 0.711482433069657
11.4620263368619 0.727783660537613
11.485460791648691 0.744174741370051
11.506163056252205 0.760649960915283
11.529741875293697 0.777706988146896
11.553912461790848 0.794981910867888
11.574131627717579 0.812356236521348
11.594938302194706 0.829823116216893
11.618252101195626 0.847375704046068
11.638672036947003 0.865007174609486
11.662257569147867 0.882710733286508
11.682273150794796 0.900479623925003
11.702341673811146 0.918307135430384
11.722359406943836 0.93618660770134
11.742373813709792 0.95411143743866
11.762181161908803 0.972075082959849
11.781767663133696 0.990071069696865
11.801284633806178 1.00809299481246
11.820602987937367 1.02613453194449
11.839848950582825 1.04418943542917
11.859196805052141 1.06225154476339
11.874939130264652 1.08031478849578
11.893837708025359 1.09837318823912
11.909446952880451 1.11642086204532
11.928144502036108 1.13445202807815
11.943312769893714 1.15246100767238
11.95856530999036 1.17044222848068
11.973698397085885 1.18839022721148
11.988681078159088 1.20629965226261
12.003407258369805 1.22416526604624
12.017938383396935 1.24198194736397
12.032309347167187 1.25974469322269
12.046607088673646 1.277448620672
12.061008862852052 1.29508896844524
12.071676028082631 1.31266109826435
12.085688485513009 1.33016049616004
12.09611988805875 1.34758277331529
12.106767720610998 1.36492366710779
12.120153903542217 1.38217904152013
12.130196329112023 1.39934488774644
12.140147354625604 1.4164173245281
12.15002449826449 1.43339259814049
12.159769185134184 1.45026708250748
12.169420662033874 1.46703727887797
12.179110897790117 1.48369981566033
12.184909374750351 1.50025144769671
12.194122991528674 1.5166890559733
12.200024277064271 1.53300964656769
12.20887446755773 1.54921034996733
12.2144429597735 1.56528841993092
12.223403546664397 1.58124123261083
12.228458880533944 1.59706628497136
12.233559285504468 1.61276119384649
12.238596787550945 1.62832369430552
12.243518661561552 1.64375163820971
12.248354170606257 1.65904299262656
12.25311323040742 1.67419583812439
12.257889219896697 1.68920836709764
12.258894396968843 1.70407888187103
12.263169831339374 1.71880579302161
12.26771993438899 1.73338761720195
12.26826219751619 1.74782297523363
12.272630834185634 1.76211059035105
12.2729475171466 1.77624928566151
12.273428604530134 1.79023798248829
12.27754767281023 1.80407569811404
12.277649059075856 1.81776154329767
12.277769523242796 1.83129472061638
12.277873717708545 1.84467452193482
12.277884215628339 1.85790032627071
12.277846640964913 1.87097159758123
12.277710798136791 1.88388788251857
12.27761128202449 1.89664880819542
12.273984287298866 1.90925407992796
12.273351360682144 1.92170347903971
12.27285772434308 1.93399686075131
12.26913728836458 1.94613415160854
12.268211545154097 1.95811534756322
12.267727288043838 1.96994051191754
12.263294930493718 1.98160977257793
12.262778261614395 1.99312332067172
12.258098589885016 2.00448140761576
12.253667649438102 2.01568434357938
12.249445205035602 2.02673249540634
12.248113055315624 2.03762628386033
12.243401293396714 2.04836618239725
12.238693224140379 2.0589527147867
12.233972808185843 2.06938645314319
12.229180250092798 2.0796680161112
12.224305315869989 2.08979806666746
12.219364376995475 2.09977731057809
12.214289141062142 2.10960649433451
12.209219039149293 2.11928640349128
12.204096425176946 2.12881786073989
12.198958304020216 2.13820172425758
12.193885190090498 2.1474388860003
12.18515106464794 2.15653026993508
12.179648416147334 2.16547683083027
12.17432473005064 2.17427955211337
12.165671743004813 2.18293944444661
12.159953898243591 2.1914575444845
12.15454236097318 2.19983491343981
12.145502462469157 2.20807263485968
12.139866375670657 2.21617181465004
12.130804039493341 2.22413357796009
12.12507059062712 2.23195906975886
12.115911096145846 2.23964945157787
12.11048720610572 2.24592389674379
12.10529735619843 2.25191604430376
12.096423408571994 2.25779452067576
12.090911124129187 2.26355986802903
12.085620138995763 2.26921295907325
12.076752572846036 2.27475485820606
12.071153423749116 2.28018675406527
12.06588625345181 2.28550991809013
12.056719293303113 2.29072567975761
12.051223200406044 2.29583540959808
12.042248840155747 2.30084050481226
12.036548754671916 2.30574238204276
12.027665084564546 2.31054246797276
12.021837265135552 2.31524219570514
12.012914253752573 2.31984299900609
12.007052217881478 2.32434630972865
11.998034187870319 2.32875355405889
11.992200494417379 2.33306615148475
11.983024739881266 2.33728551117425
11.97731407774902 2.34141303272764
11.967941568859535 2.34545010218888
11.952870805620156 2.3532583671107
11.943653015273698 2.35703226695854
11.937906082684199 2.36072112380268
11.92837294901839 2.3643262511848
11.919092440723384 2.36784894763482
11.913298805894323 2.37129049557975
11.903742735101337 2.37465215980225
11.894402539934926 2.37793518952332
11.888652450633929 2.38114081736747
11.878973797552218 2.38427025815516
11.86950544779739 2.38732471074984
11.860230412636405 2.39030535738682
11.854221347393326 2.39321336322081
11.84454558677241 2.39604987646035
11.83507342935386 2.39881602930006
11.825688566853886 2.40151293750474
11.819736338068719 2.40414170038788
11.81001057983955 2.40670340050879
11.80039858409669 2.40919910501214
11.790897919092602 2.41162986501591
11.781472270922823 2.41399671598749
11.775433869656517 2.41630067765442
11.765665585499056 2.41854275394498
11.756015622717564 2.42072393420428
11.746407843786173 2.42284519247051
11.73683955510187 2.4249074879581
11.72739170472875 2.42691176547358
11.711502491635363 2.43074997145645
11.701786810493955 2.43258571727782
11.692089975256742 2.43436708003211
11.682428726695827 2.43609493378377
11.6728705768148 2.43777013910031
11.663292244379317 2.43939354314443
11.65727123256678 2.44096598021869
11.647462095474115 2.4424882708255
11.637680591748353 2.44396122355848
11.627928468350555 2.44538563426036
11.618228767062373 2.44676228632692
11.608530557748823 2.44809195087029
11.59887676618262 2.44937538720302
11.58924024018616 2.450613342647
11.579605633438813 2.45180655298217
11.569982141411067 2.45295574245755
11.563754814945288 2.45406162386163
11.55395284510721 2.455124898927
11.544164805833203 2.45614625866459
11.534387191858224 2.45712638305704
11.524671050290229 2.45806594169198
11.514956706299259 2.45896559352372
11.505267716233607 2.45982598738215
11.49557748015346 2.46064776185289
11.48593338762361 2.46143154570733
11.476285428103271 2.46217795777656
11.470201869293966 2.4628876073481
11.46037549307788 2.4635610937519
11.45056340970302 2.46419900759464
11.440779210809508 2.46480193005202
11.431008531576564 2.46537043323618
11.421281128170918 2.46590508033269
11.411544350607112 2.46640642583684
11.401847156614012 2.46687501552328
11.392171133696651 2.46731138679252
11.382527768179521 2.46771606866346
11.372889072156262 2.46808958190463
11.363258401592393 2.4684324392116
11.356992090426118 2.4687451449717
11.347196544441777 2.46902819621165
11.337417660260483 2.46928208213123
11.327672013438278 2.46950728429801
11.31794259684299 2.46970427683714
11.30826086623563 2.46987352654463
11.298580818732008 2.47001549293531
11.288921977352254 2.47013062848589
11.279372608499944 2.47021937901019
11.273289537968841 2.47028218271852
11.263476258548613 2.47031947104177
11.253705976488483 2.47033166943538
